4 6
3 4 5 3 4 12
3 3 44 6 7 10
12 7 8 9 0 11
2 9 45 7 8 9
4 6
2 9 45 7 8 9
12 7 8 9 0 11
3 3 44 6 7 10
3 4 5 3 4 12
2 2
1 2
9 1
2 2
1 2
1 9
6 4
2 12 3 3
9 7 3 4
45 8 44 5
7 9 6 3
8 0 7 4
9 11 10 12
7 4
2 12 3 3
9 7 3 4
45 8 44 5
7 9 6 3
8 0 7 4
9 11 10 12
12 105 2 3
5 6
2 9 45 7 8 9
12 7 8 9 0 11
3 3 44 6 7 10
3 4 5 15 4 12
1 2 1 5 6 6
5 6
2 9 45 7 8 9
12 7 8 9 0 200
3 3 44 6 7 10
3 4 5 15 4 12
1 2 1 5 6 6
5 6
2 9 45 7 30 9
12 7 8 9 0 200
3 3 44 6 7 10
3 4 5 15 4 12
1 2 1 5 6 6
10 12
2 9 45 7 30 9 2 9 45 7 30 9
12 7 8 9 0 200 12 7 8 9 0 200
3 3 44 6 7 10 3 3 44 6 7 10
3 4 5 15 4 12 3 4 5 15 4 12
1 2 1 5 6 6 1 2 1 5 6 6
2 9 45 7 30 9 2 9 45 7 30 9
12 7 8 9 0 200 12 7 8 9 0 200
3 3 44 6 7 10 3 3 44 6 7 10
3 4 5 15 4 12 3 4 5 15 4 12
1 2 1 5 6 6 1 2 1 5 6 6
10 12
2 9 45 7 30 9 2 9 45 7 30 9
12 7 8 9 0 200 12 7 8 9 0 200
3 3 44 6 7 10 3 3 44 6 7 10
3 4 5 15 4 12 3 4 5 15 4 12
1 2 1 5 6 6 1 2 3 5 6 6
2 9 45 7 30 9 2 9 45 7 30 9
12 7 8 9 0 200 12 7 8 9 0 200
3 3 44 6 7 10 3 3 44 6 7 10
3 4 5 15 4 12 3 4 5 15 4 12
1 2 1 5 6 6 1 2 1 5 6 6
0 0
